0.4
0.357142857143
0.648115079365
0.25
0.215178571429
0.0912698412698
0.116666666667
0.0333333333333
1.0
0.09375
0.0833333333333
0.333333333333
0.0
0.5
1.0
0.166666666667
0.125
0.333333333333
0.0
0.42380952381
0.025
0.0
0.217142857143
0.25
0.638888888889
0.194444444444
0.0
0.0
0.407407407407
0.0
0.0
0.0925925925926
0.638888888889
0.147222222222
0.0
0.5
0.0277777777778
0.0
0.0535714285714
0.0533333333333
0.766666666667
0.144444444444
0.566666666667
0.0
0.1
0.305833333333
0.215079365079
0.16
0.166666666667
0.0
0.242857142857
0.269642857143
0.128571428571
0.0555555555556
0.123333333333
0.0485714285714
0.02
0.196296296296
0.0357142857143
0.453333333333
0.4
0.0
0.0
0.5
0.258333333333
0.04
0.28380952381
0.0666666666667
0.0
0.0125
0.0
0.025
0.25
0.0208333333333
0.2
0.0178571428571
0.3625
0.805555555556
0.025
0.0
0.416666666667
0.4
0.0277777777778
0.275
0.0357142857143
0.5
0.0
0.594047619048
0.0277777777778
0.09
0.148148148148
0.524047619048
0.5
0.543333333333
0.5
0.322222222222
0.0833333333333
0.0
0.183333333333
0.185185185185
0.770833333333
0.35
0.0
0.0
0.383333333333
0.366666666667
0.172619047619
0.672222222222
0.0
0.25
0.0833333333333
0.25
0.208333333333
0.0
0.0
0.0666666666667
0.0
0.178571428571
1.0
0.349735449735
0.559523809524
0.200529100529
0.0
0.0
0.14
0.1875
0.05
0.0
0.388095238095
0.419047619048
0.170238095238
0.560714285714
0.0204081632653
0.25
0.4375
0.166666666667
0.1625
0.1
0.0
0.130952380952
0.0833333333333
0.0
0.416666666667
0.372222222222
0.295918367347
0.583333333333
0.116666666667
0.327777777778
0.261111111111
0.833333333333
0.0
0.0
0.27380952381
0.833333333333
0.2125
0.569047619048
0.4375
0.282738095238
0.0833333333333
0.1
0.402777777778
0.15625
0.388888888889
0.2
0.266666666667
0.0
0.05
0.0625
0.196428571429
0.414682539683
0.638888888889
0.679166666667
0.583333333333
0.0666666666667
0.0
0.0
0.608888888889
0.541666666667
0.25
0.330952380952
0.244444444444
0.583333333333
0.471666666667
0.0928571428571
0.666666666667
0.271111111111
0.103174603175
0.304444444444
0.0814814814815
0.24
0.14
0.566666666667
0.806040564374
0.0333333333333
0.047619047619
0.15
0.666666666667
0.321428571429
0.0565476190476
0.3
0.158333333333
0.226666666667
0.0533333333333
0.0
0.642857142857
0.0833333333333
0.166666666667
0.591666666667
0.0166666666667
0.277777777778
0.01
0.5225
0.5025
0.125
0.0
0.0
0.158571428571
0.147857142857
0.0
0.1
0.2
0.565740740741
0.566666666667
0.0
0.15
